 FreeMat v4.0

 Copyright (c) 2002-2008 by Samit Basu

 Licensed under the GNU Public License (GPL)

 Type <help license> to find out more

      <helpwin> for online help

      <pathtool> to set or change your path

 Use <dbauto on/off> to control stop-on-error behavior

 Use ctrl-b to stop execution of a function/script

 JIT is enabled by default - use jitcontrol to change it

 Use <rootpath gui> to set/change where the FreeMat toolbox is installed

--> A=[250, 255, 255, 252, 253, 251, 255, 239;

239, 246, 254, 255, 255, 245, 255, 247;

227, 237, 251, 255, 255, 236, 255, 247;

149, 243, 255, 253, 245, 255, 244, 253;

154, 127, 131, 251, 255, 252, 248, 240;

180, 190, 164, 156, 239, 249, 218, 176;

179, 185, 163, 117, 162, 187, 161, 131;

187, 164, 144, 161, 138, 139, 156, 162]





A =

 250 255 255 252 253 251 255 239

 239 246 254 255 255 245 255 247

 227 237 251 255 255 236 255 247

 149 243 255 253 245 255 244 253

 154 127 131 251 255 252 248 240

 180 190 164 156 239 249 218 176

 179 185 163 117 162 187 161 131

 187 164 144 161 138 139 156 162



--> A2 = A-127





A2 =

 123 128 128 125 126 124 128 112

 112 119 127 128 128 118 128 120

 100 110 124 128 128 109 128 120

  22 116 128 126 118 128 117 126

  27   0   4 124 128 125 121 113

  53  63  37  29 112 122  91  49

  52  58  36 -10  35  60  34   4

  60  37  17  34  11  12  29  35



--> C = [0.3536, 0.3536, 0.3536, 0.3536, 0.3536, 0.3536, 0.3536, 0.3536;





A2 = A-127













T = [16,11,10,16,24,40,51,61;

   12,12,14,19,26,58,60,55;

   14,13,16,24,40,57,69,56;

   14,17,22,29,51,87,80,62;

   18,22,37,56,68,109,103,77;

   24,35,55,64,81,104,113,92;

   49,64,78,87,103,121,120,101;

   72,92,95,98,112,100,103,99];

Q1 = D./T

D = [688.1814, -66.7244, -38.9842, 30.0705, -13.5036, -9.4110, -17.6764, -1.5085;

282.7734, -2.5204, -26.7722, -50.2770, 2.6495, 8.9409, -4.3923, 3.7866;

-65.1999, 107.3819, 65.1656, 1.9197, -6.7048, 10.1642, 9.1997, 12.9928;

 -4.2244, -37.5584, -15.8056, 69.0996, -2.9279, -9.3257, 1.5926, 5.0235;

0, -40.4094, -16.5010, -33.7485, 30.5080, 18.6135, -9.1302, -28.6568;

-0.1235, 44.2715, 3.8739, -17.6309, -56.9874, -30.2253, 11.0040, 9.1304;

21.5980, 5.6179, 6.7003, 11.7241, 6.0249, 0.5291, -5.1782, 9.3083;

-27.6445, -19.0191, 2.3049, 19.3660, 40.0407, 29.4219, -2.6324, -3.8594]



Error: unable to resolve C to a function call

--> Error: Undefined function or variable D

-->

D =

  688.1814  -66.7244  -38.9842   30.0705  -13.5036   -9.4110  -17.6764   -1.5085

  282.7734   -2.5204  -26.7722  -50.2770    2.6495    8.9409   -4.3923    3.7866

  -65.1999  107.3819   65.1656    1.9197   -6.7048   10.1642    9.1997   12.9928

   -4.2244  -37.5584  -15.8056   69.0996   -2.9279   -9.3257    1.5926    5.0235

         0  -40.4094  -16.5010  -33.7485   30.5080   18.6135   -9.1302  -28.6568

   -0.1235   44.2715    3.8739  -17.6309  -56.9874  -30.2253   11.0040    9.1304

   21.5980    5.6179    6.7003   11.7241    6.0249    0.5291   -5.1782    9.3083

  -27.6445  -19.0191    2.3049   19.3660   40.0407   29.4219   -2.6324   -3.8594



--> Q1=D./T

Error: Undefined function or variable T

--> T = [16,11,10,16,24,40,51,61;

   12,12,14,19,26,58,60,55;

   14,13,16,24,40,57,69,56;

   14,17,22,29,51,87,80,62;

   18,22,37,56,68,109,103,77;

   24,35,55,64,81,104,113,92;

   49,64,78,87,103,121,120,101;

   72,92,95,98,112,100,103,99];

--> Q1=D./T



Q1 =

   43.0113   -6.0659   -3.8984    1.8794   -0.5626   -0.2353   -0.3466   -0.0247

   23.5644   -0.2100   -1.9123   -2.6462    0.1019    0.1542   -0.0732    0.0688

   -4.6571    8.2601    4.0728    0.0800   -0.1676    0.1783    0.1333    0.2320

   -0.3017   -2.2093   -0.7184    2.3827   -0.0574   -0.1072    0.0199    0.0810

         0   -1.8368   -0.4460   -0.6027    0.4486    0.1708   -0.0886   -0.3722

   -0.0051    1.2649    0.0704   -0.2755   -0.7035   -0.2906    0.0974    0.0992

    0.4408    0.0878    0.0859    0.1348    0.0585    0.0044   -0.0432    0.0922

   -0.3840   -0.2067    0.0243    0.1976    0.3575    0.2942   -0.0256   -0.0390



--> Q = round(Q1)



Q =

 43 -6 -4  2 -1  0  0  0

 24  0 -2 -3  0  0  0  0

 -5  8  4  0  0  0  0  0

  0 -2 -1  2  0  0  0  0

  0 -2  0 -1  0  0  0  0

  0  1  0  0 -1  0  0  0

  0  0  0  0  0  0  0  0

  0  0  0  0  0  0  0  0



--> C = [0.3536, 0.3536, 0.3536, 0.3536, 0.3536, 0.3536, 0.3536, 0.3536;

0.4904,	0.4157,	0.2778,	0.0975,	-0.0975,	-0.2778,	-0.4157,	-0.4904;

0.4619,	0.1913,	-0.1913,	-0.4619,	-0.4619,	-0.1913,	0.1913,	0.4619;

0.4157,	-0.0975,	-0.4904,	-0.2778,	0.2778,	0.4904,	0.0975,	-0.4157;

0.3536,	-0.3536,	-0.3536,	0.3536,	0.3536,	-0.3536,	-0.3536,	0.3536;

0.2778,	-0.4904,	0.0975,	0.4157,	-0.4157,	-0.0975,	0.4904,	-0.2778;

0.1913,	-0.4619,	0.4619,	-0.1913,	-0.1913,	0.4619,	-0.4619,	0.1913;

0.0975,     -0.2778,        0.4157, -0.4904,        0.4904, -0.4157,        0.2778, -0.0975];

--> A3 = round(C'*Q*C)+ 127



A3 =

 135 136 136 136 136 136 136 135

 135 135 136 136 136 136 135 135

 133 134 136 136 136 136 136 135

 129 131 134 135 136 136 136 135

 128 128 130 133 135 136 135 134

 129 128 128 130 132 133 132 130

 129 129 128 128 129 130 129 127

 129 128 127 126 127 127 127 127



--> A3 = Q.*T



A3 =

 688 -66 -40  32 -24   0   0   0

 288   0 -28 -57   0   0   0   0

 -70 104  64   0   0   0   0   0

   0 -34 -22  58   0   0   0   0

   0 -44   0 -56   0   0   0   0

   0  35   0   0 -81   0   0   0

   0   0   0   0   0   0   0   0

   0   0   0   0   0   0   0   0



--> A4 = round(C'*A3*C)+ 127



A4 =

 234 264 271 248 240 257 258 240

 256 237 240 266 268 243 238 257

 220 245 261 254 248 252 249 239

 157 218 254 240 236 260 265 244

 153 149 177 231 260 252 244 251

 184 157 145 177 228 246 211 168

 190 189 159 131 160 204 180 115

 179 160 145 142 136 133 148 170



--> L = 255;

--> Map=[(0:L)/L;(0:L)/L;(0:L)/L]';



--> image(J), colormap(Map), axis image



Error: Undefined function or variable J

--> image(A4), colormap(Map), axis image

--> image(A), colormap(Map), axis image

-->
